dig_output_-10: 0.099
dig_output_-15: 0.0825
dig_output_-20: 0.07516667
dig_output_-25: 0.0605
dig_output_-30: 0.055
dig_output_-35: 0.04216667
dig_output_-40: 0.02933333
dig_output_-5: 0.1063333
dig_output_0: 0.1155
dig_output_10: 0.132
dig_output_100: 0.2951667
dig_output_105: 0.3098333
dig_output_110: 0.3098333
dig_output_115: 0.3263333
dig_output_120: 0.3263333
dig_output_15: 0.1521667
dig_output_20: 0.1613333
dig_output_25: 0.1723333
dig_output_30: 0.1815
dig_output_35: 0.1815
dig_output_40: 0.1925
dig_output_45: 0.2035
dig_output_5: 0.1246667
dig_output_50: 0.2163333
dig_output_55: 0.2273333
dig_output_60: 0.2273333
dig_output_65: 0.2401667
dig_output_70: 0.253
dig_output_75: 0.253
dig_output_80: 0.2658333
dig_output_85: 0.2805
dig_output_90: 0.2805
dig_output_95: 0.2951667
